# SNAP pixel extraction export table
#
# Window size: 1
# Created on:	2021-04-23 02:24:19

# Wavelength:	 	 	 	 	 	 	 	 	0.0	443.0	490.0	560.0	665.0	705.0	740.0	783.0	842.0	865.0	945.0	1610.0	2190.0	0.0	0.0	0.0	0.0	0.0	0.0	0.0	0.0	0.0	0.0	0.0	0.0	0.0	0.0	0.0	0.0	0.0	0.0	0.0	0.0	0.0	0.0	0.0	0.0	0.0	0.0	0.0	0.0	0.0	0.0	0.0	0.0	0.0	0.0	0.0	0.0	0.0	0.0	0.0	0.0	0.0	0.0	0.0	0.0	0.0	0.0	0.0
ProdID	CoordID	Name	Latitude	Longitude	PixelX	PixelY	Date(yyyy-MM-dd)	Time(HH_mm_ss)	NDVI	B1	B2	B3	B4	B5	B6	B7	B8	B8A	B9	B11	B12	quality_aot	quality_wvp	quality_cloud_confidence	quality_snow_confidence	quality_scene_classification	view_zenith_mean	view_azimuth_mean	sun_zenith	sun_azimuth	view_zenith_B1	view_azimuth_B1	view_zenith_B2	view_azimuth_B2	view_zenith_B3	view_azimuth_B3	view_zenith_B4	view_azimuth_B4	view_zenith_B5	view_azimuth_B5	view_zenith_B6	view_azimuth_B6	view_zenith_B7	view_azimuth_B7	view_zenith_B8	view_azimuth_B8	view_zenith_B8A	view_azimuth_B8A	view_zenith_B9	view_azimuth_B9	view_zenith_B10	view_azimuth_B10	view_zenith_B11	view_azimuth_B11	view_zenith_B12	view_azimuth_B12	scl_nodata	scl_saturated_defective	scl_dark_feature_shadow	scl_cloud_shadow	scl_vegetation	scl_not_vegetated	scl_water	scl_unclassified	scl_cloud_medium_proba	scl_cloud_high_proba	scl_thin_cirrus	scl_snow_ice
0	1	pin_720	6.034426	-73.614433	952.500	1841.500	2016-01-10	15:26:32	0.7167113423347473	0.015599999576807022	0.020099999383091927	0.039400000125169754	0.031700000166893005	0.07699999958276749	0.1696999967098236	0.1972000002861023	0.19210000336170197	0.22779999673366547	0.19200000166893005	0.1370999962091446	0.07039999961853027	0.07699999958276749	1.4589999914169312	0	0	4	7.033670425415039	294.1370544433594	35.747100830078125	142.32899475097656	7.141550064086914	298.2179870605469	6.911809921264648	288.1419982910156	6.944660186767578	290.4670104980469	6.985099792480469	292.59698486328125	7.010930061340332	293.739013671875	7.039859771728516	294.885009765625	7.0713701248168945	296.0150146484375	6.926790237426758	289.30499267578125	7.105939865112305	297.14599609375		299.35699462890625	6.970709800720215	291.8999938964844	7.033979892730713	294.6619873046875	7.112480163574219	297.3489990234375	0	0	0	0	1	0	0	0	0	0	0	0
0	2	pin_619	6.059567	-73.614459	951.500	1563.500	2016-01-10	15:26:32	0.7869565486907959	0.02250000089406967	0.02239999920129776	0.04179999977350235	0.029400000348687172	0.08959999680519104	0.22450000047683716	0.27079999446868896	0.24660000205039978	0.3061999976634979	0.33009999990463257	0.15870000422000885	0.07880000025033951	0.07699999958276749	1.2050000429153442	0	0	4	7.033670425415039	294.1370544433594	35.747100830078125	142.32899475097656	7.141550064086914	298.2179870605469	6.911809921264648	288.1419982910156	6.944660186767578	290.4670104980469	6.985099792480469	292.59698486328125	7.010930061340332	293.739013671875	7.039859771728516	294.885009765625	7.0713701248168945	296.0150146484375	6.926790237426758	289.30499267578125	7.105939865112305	297.14599609375		299.35699462890625	6.970709800720215	291.8999938964844	7.033979892730713	294.6619873046875	7.112480163574219	297.3489990234375	0	0	0	0	1	0	0	0	0	0	0	0
0	3	pin_361	6.009241	-73.463191	2627.500	2115.500	2016-01-10	15:26:32	0.7540754675865173	0.02669999934732914	0.033900000154972076	0.06759999692440033	0.052799999713897705	0.09510000050067902	0.2824999988079071	0.35359999537467957	0.3765999972820282	0.38940000534057617	0.38089999556541443	0.2184000015258789	0.11129999905824661	0.07699999958276749	1.406000018119812	0	0	4	8.616827964782715	275.19000244140625	35.600799560546875	142.50799560546875	8.687350273132324	271.8080139160156	8.543519973754883	280.10699462890625	8.560259819030762	278.218994140625	8.583769798278809	276.4880065917969	8.59982967376709	275.5480041503906	8.617950439453125	274.62298583984375	8.6385498046875	273.69000244140625	8.55072021484375	279.16400146484375	8.661009788513184	272.7770080566406	8.7150297164917	270.8810119628906	8.576950073242188	276.9309997558594	8.616009712219238	274.71600341796875	8.667810440063477	272.51800537109375	0	0	0	0	1	0	0	0	0	0	0	0
0	4	pin_234	5.965135	-73.608104	1024.500	2607.500	2016-01-10	15:26:32	0.6875926852226257	0.024800000712275505	0.03709999844431877	0.07479999959468842	0.06319999694824219	0.13079999387264252	0.26809999346733093	0.31299999356269836	0.34139999747276306	0.3580999970436096	0.36059999465942383	0.2957000136375427	0.15880000591278076	0.07699999958276749	1.253000020980835	0	0	4	7.207118511199951	293.9073486328125	35.672000885009766	142.25900268554688	7.312759876251221	297.89300537109375	7.087619781494141	288.0539855957031	7.119919776916504	290.3240051269531	7.159550189971924	292.4020080566406	7.184850215911865	293.5159912109375	7.213220119476318	294.635986328125	7.244120121002197	295.74200439453125	7.102359771728516		7.277969837188721	296.84698486328125	7.352920055389404	299.00799560546875	7.145440101623535	291.72198486328125	7.207449913024902	294.4179992675781	7.284359931945801	297.0450134277344	0	0	0	0	1	0	0	0	0	0	0	0
0	5	pin_359	6.002889	-73.589219	1232.500	2189.500	2016-01-10	15:26:32	0.6930932402610779	0.02019999921321869	0.03660000115633011	0.06949999928474426	0.057100001722574234	0.11720000207424164	0.28369998931884766	0.33230000734329224	0.3149999976158142	0.35679998993873596	0.31380000710487366	0.23109999299049377	0.12929999828338623	0.07699999958276749	1.6679999828338623	0	0	4	7.50345516204834	293.5302429199219	35.68230056762695	142.3470001220703	7.605609893798828	297.3689880371094	7.3878397941589355	287.9010009765625	7.419159889221191	290.0820007324219	7.457550048828125	292.08099365234375	7.481949806213379	293.1510009765625	7.509339809417725	294.2279968261719	7.539219856262207	295.2929992675781	7.402120113372803	288.9909973144531	7.571990013122559	296.3599853515625	7.644320011138916	298.4419860839844	7.443910121917725	291.427001953125	7.503749847412109	294.0169982910156	7.578159809112549	296.5509948730469	0	0	0	0	1	0	0	0	0	0	0	0
0	6	pin_208	6.047024	-73.456942	2695.500	1697.500	2016-01-10	15:26:32	0.6110535264015198	0.01889999955892563	0.027300000190734863	0.05420000106096268	0.056299999356269836	0.09910000115633011	0.18619999289512634	0.2167000025510788	0.23319999873638153	0.24269999563694	0.2563999891281128	0.22529999911785126	0.12710000574588776	0.07699999958276749	1.1109999418258667	0	0	4	8.531591415405273	275.0896301269531	35.63850021362305	142.54299926757812	8.603150367736816	271.67498779296875	8.45715045928955	280.05499267578125	8.474200248718262	278.1470031738281	8.49804973602295	276.4010009765625	8.51438045501709	275.45098876953125	8.532759666442871	274.5159912109375	8.553609848022461	273.57598876953125	8.464520454406738	279.10101318359375	8.576359748840332	272.65399169921875	8.631199836730957	270.7380065917969	8.491250038146973	276.8489990234375	8.530810356140137	274.6099853515625	8.583239555358887	272.3919982910156	0	0	0	0	1	0	0	0	0	0	0	0
0	7	pin_81	6.046987	-73.475822	2486.500	1698.500	2016-01-10	15:26:32	0.7776416540145874	0.008100000210106373	0.017400000244379044	0.04670000076293945	0.03629999980330467	0.08349999785423279	0.2215999960899353	0.2791000008583069	0.29019999504089355	0.30809998512268066	0.2897999882698059	0.17649999260902405	0.08910000324249268	0.07699999958276749	1.2410000562667847	0	0	4	8.142934799194336	274.62530517578125	35.66559982299805	142.48899841308594	8.218770027160645	271.0539855957031	8.063639640808105	279.8219909667969	8.082010269165039	277.82501220703125	8.1074800491333	275.9949951171875	8.124839782714844	275.0010070800781	8.144319534301758	274.02398681640625	8.166410446166992	273.0409851074219	8.071599960327148	278.822998046875	8.190489768981934	272.0780029296875	8.248339653015137	270.0780029296875	8.100210189819336	276.4620056152344	8.14225959777832	274.12200927734375	8.197779655456543	271.8039855957031	0	0	0	0	1	0	0	0	0	0	0	0
0	8	pin_670	6.009194	-73.545121	1720.500	2118.500	2016-01-10	15:26:32	0.7637434601783752	0.01600000075995922	0.0210999995470047	0.04659999907016754	0.03610000014305115	0.08309999853372574	0.2046000063419342	0.24529999494552612	0.2694999873638153	0.275299996137619	0.29249998927116394	0.17829999327659607	0.08959999680519104	0.07699999958276749	1.2680000066757202	0	0	4	7.843508243560791	274.2421875	35.65510177612305	142.4010009765625	7.92287015914917		7.760190010070801	279.63299560546875	7.779669761657715	277.5580139160156	7.806459903717041	275.6600036621094	7.824659824371338	274.6300048828125	7.845089912414551	273.61700439453125	7.868189811706543	272.5979919433594	7.768660068511963	278.59600830078125	7.893320083618164	271.60101318359375	7.953740119934082	269.5329895019531	7.798890113830566	276.14300537109375	7.842929840087891	273.7179870605469	7.90093994140625	271.3179931640625	0	0	0	0	1	0	0	0	0	0	0	0
0	9	pin_495	6.034430	-73.652195	534.500	1842.500	2016-01-10	15:26:32	0.8349854350090027	0.022299999371170998	0.02329999953508377	0.043800000101327896	0.028300000354647636	0.0860000029206276	0.23260000348091125	0.30660000443458557	0.31470000743865967	0.3296999931335449	0.36419999599456787	0.16619999706745148	0.08049999922513962	0.07699999958276749	1.1629999876022339	0	0	4	6.65331506729126	294.69305419921875	35.77429962158203	142.27499389648438	6.766409873962402	298.9930114746094	6.525710105895996	288.36199951171875	6.5600199699401855	290.822998046875	6.602320194244385	293.0719909667969	6.62939977645874	294.2770080566406	6.659739971160889	295.4859924316406	6.692820072174072	296.677001953125	6.541339874267578	289.593994140625	6.72907018661499	297.86700439453125		300.18798828125	6.587349891662598	292.3389892578125	6.653590202331543	295.2510070800781	6.735949993133545	298.08099365234375	0	0	0	0	1	0	0	0	0	0	0	0
0	10	pin_195	6.109995	-73.532563	1856.500	1003.500	2016-01-10	15:26:32	0.642220675945282	0.04529999941587448	0.038600001484155655	0.06520000100135803	0.05220000073313713	0.09520000219345093	0.193900004029274	0.23000000417232513	0.23960000276565552	0.26260000467300415	0.2565000057220459	0.18310000002384186	0.09109999984502792	0.07699999958276749	1.7630000114440918	0	0	4	7.6406073570251465	293.3605041503906	35.768001556396484	142.5050048828125	7.7411298751831055	297.135009765625	7.526800155639648	287.8299865722656	7.5576300621032715	289.9700012207031	7.595449924468994	291.9360046386719	7.619480133056641	292.98699951171875	7.646420001983643	294.0459899902344	7.675809860229492	295.0920104980469	7.540870189666748	288.89898681640625	7.708049774169922	296.1409912109375	7.779270172119141	298.1919860839844	7.5819501876831055	291.2919921875	7.640920162200928	293.8380126953125	7.71412992477417	296.3290100097656	0	0	0	0	1	0	0	0	0	0	0	0
0	11	pin_323	6.078501	-73.557764	1578.500	1352.500	2016-01-10	15:26:32	0.6605930924415588	0.020800000056624413	0.03150000050663948	0.05469999834895134	0.04749999940395355	0.08070000261068344	0.19609999656677246	0.2337999939918518	0.23240000009536743	0.2524999976158142	0.25459998846054077	0.14659999310970306	0.07490000128746033	0.07699999958276749	1.7000000476837158	0	0	4	7.334144115447998	293.73638916015625	35.75749969482422	142.41700744628906	7.438159942626953	297.6600036621094	7.216440200805664	287.97900390625	7.248290061950684	290.21099853515625	7.28734016418457		7.312220096588135	293.3500061035156	7.340149879455566	294.4519958496094	7.37060022354126	295.5400085449219	7.2309699058532715	289.0950012207031	7.403969764709473	296.6289978027344	7.477670192718506	298.7560119628906	7.273349761962891	291.58599853515625		294.2359924316406	7.410260200500488	296.8240051269531	0	0	0	0	1	0	0	0	0	0	0	0
0	12	pin_99	6.059606	-73.526196	1928.500	1560.500	2016-01-10	15:26:32	0.7174482941627502	0.019700000062584877	0.030799999833106995	0.0608999989926815	0.048500001430511475	0.09740000218153	0.23229999840259552	0.2644999921321869	0.2948000133037567	0.31209999322891235	0.31520000100135803	0.2223999947309494	0.11779999732971191	0.07699999958276749	1.5679999589920044	0	0	4	7.807243347167969	293.1734619140625	35.69269943237305	142.43600463867188	7.9060797691345215	296.8710021972656	7.695340156555176	287.760986328125	7.725669860839844	289.85198974609375	7.762879848480225	291.7770080566406	7.786530017852783	292.8080139160156	7.812960147857666	293.8429870605469	7.841800212860107	294.86700439453125	7.709199905395508	288.8059997558594	7.873479843139648	295.89599609375	7.943510055541992	297.9070129394531	7.74970006942749	291.1470031738281	7.807559967041016	293.6400146484375	7.879449844360352	296.0799865722656	0	0	0	0	1	0	0	0	0	0	0	0
0	13	pin_638	5.990306	-73.450599	2767.500	2324.500	2016-01-10	15:26:32	0.46884575486183167	0.025599999353289604	0.03920000046491623	0.06549999862909317	0.07800000160932541	0.11320000141859055	0.18310000002384186	0.21529999375343323	0.21570000052452087	0.2533000111579895	0.2558000087738037	0.26330000162124634	0.17020000517368317	0.07699999958276749	1.2879999876022339	0	0	4	8.616827964782715	275.19000244140625	35.600799560546875	142.50799560546875	8.687350273132324	271.8080139160156	8.543519973754883	280.10699462890625	8.560259819030762	278.218994140625	8.583769798278809	276.4880065917969	8.59982967376709	275.5480041503906	8.617950439453125	274.62298583984375	8.6385498046875	273.69000244140625	8.55072021484375	279.16400146484375	8.661009788513184	272.7770080566406	8.7150297164917	270.8810119628906	8.576950073242188	276.9309997558594	8.616009712219238	274.71600341796875	8.667810440063477	272.51800537109375	0	0	0	0	1	0	0	0	0	0	0	0
0	14	pin_514	5.952542	-73.564058	1512.500	2745.500	2016-01-10	15:26:32	0.745148777961731	0.014600000344216824	0.023000000044703484	0.05290000140666962	0.039400000125169754	0.07819999754428864	0.20720000565052032	0.2513999938964844	0.26980000734329224	0.2797999978065491	0.29019999504089355	0.14640000462532043	0.066600002348423	0.07699999958276749	1.2619999647140503	0	0	4	7.5903472900390625	293.42828369140625	35.64469909667969	142.31199645996094	7.6915202140808105	297.2239990234375	7.475800037384033	287.864990234375	7.506830215454102	290.01800537109375	7.544849872589111	291.9930114746094	7.569109916687012	293.0539855957031	7.596240043640137	294.1189880371094	7.62578010559082	295.1709899902344	7.489980220794678		7.6581501960754395	296.2239990234375	7.729939937591553	298.2879943847656	7.531330108642578	291.34600830078125	7.590710163116455	293.9110107421875	7.664259910583496	296.4129943847656	0	0	0	0	1	0	0	0	0	0	0	0
0	15	pin_252	5.977679	-73.633365	744.500	2469.500	2016-01-10	15:26:32	0.766900897026062	0.01640000008046627	0.025299999862909317	0.05860000103712082	0.04809999838471413	0.1145000010728836	0.2784000039100647	0.335999995470047	0.3646000027656555	0.38339999318122864	0.35690000653266907	0.2087000012397766	0.10180000215768814	0.07699999958276749	1.1990000009536743	0	0	4	7.119208812713623	294.0225524902344	35.70949935913086	142.29400634765625	7.226049900054932	298.0580139160156	6.998509883880615	288.0979919433594	7.031070232391357	290.3940124511719	7.071169853210449	292.50201416015625	7.096700191497803	293.62799072265625	7.125279903411865	294.7590026855469	7.156529903411865	295.87799072265625	7.013339996337891	289.2449951171875	7.190820217132568	296.99798583984375	7.2665300369262695	299.1820068359375	7.056950092315674	291.8139953613281	7.119460105895996	294.5379943847656	7.197299957275391	297.1990051269531	0	0	0	0	1	0	0	0	0	0	0	0
0	16	pin_150	6.097393	-73.488419	2345.500	1141.500	2016-01-10	15:26:32	0.25783371925354004	0.05180000141263008	0.07599999755620956	0.10859999805688858	0.15039999783039093	0.1753000020980835	0.20880000293254852	0.2337999939918518	0.2549000084400177	0.2728999853134155	0.26649999618530273	0.4036000072956085	0.26499998569488525	0.07699999958276749	1.690999984741211	0	0	5	8.05461597442627	274.5093078613281	35.70320129394531	142.5240020751953	8.131500244140625	270.9010009765625	7.974070072174072	279.7640075683594	7.992790222167969	277.7430114746094	8.018710136413574	275.8919982910156	8.036290168762207	274.8890075683594	8.056050300598145	273.9020080566406	8.078479766845703	272.9079895019531	7.982190132141113	278.7539978027344	8.102910041809082	271.9330139160156	8.161459922790527	269.9150085449219	8.011289596557617	276.3630065917969	8.053959846496582	274.0010070800781	8.110300064086914	271.656005859375	0	0	0	0	0	1	0	0	0	0	0	0
0	17	pin_784	6.021826	-73.501005	2208.500	1977.500	2016-01-10	15:26:32	0.7240012884140015	0.012400000356137753	0.022700000554323196	0.05119999870657921	0.04179999977350235	0.07559999823570251	0.20260000228881836	0.2533999979496002	0.26109999418258667	0.2793000042438507	0.2757999897003174	0.14149999618530273	0.0640999972820282	0.07699999958276749	1.4329999685287476	0	0	4	8.142934799194336	274.62530517578125	35.66559982299805	142.48899841308594	8.218770027160645	271.0539855957031	8.063639640808105	279.8219909667969	8.082010269165039	277.82501220703125	8.1074800491333	275.9949951171875	8.124839782714844	275.0010070800781	8.144319534301758	274.02398681640625	8.166410446166992	273.0409851074219	8.071599960327148	278.822998046875	8.190489768981934	272.0780029296875	8.248339653015137	270.0780029296875	8.100210189819336	276.4620056152344	8.14225959777832	274.12200927734375	8.197779655456543	271.8039855957031	0	0	0	0	1	0	0	0	0	0	0	0
0	18	pin_583	5.971433	-73.526252	1930.500	2535.500	2016-01-10	15:26:32	0.8843882083892822	9.999999747378752E-5	0.0019000000320374966	0.021199999377131462	0.013700000010430813	0.05000000074505806	0.1712999939918518	0.21930000185966492	0.2232999950647354	0.23569999635219574	0.2549000084400177	0.10199999809265137	0.041999999433755875	0.07699999958276749	0.9779999852180481	0	0	4	7.843508243560791	274.2421875	35.65510177612305	142.4010009765625	7.92287015914917		7.760190010070801	279.63299560546875	7.779669761657715	277.5580139160156	7.806459903717041	275.6600036621094	7.824659824371338	274.6300048828125	7.845089912414551	273.61700439453125	7.868189811706543	272.5979919433594	7.768660068511963	278.59600830078125	7.893320083618164	271.60101318359375	7.953740119934082	269.5329895019531	7.798890113830566	276.14300537109375	7.842929840087891	273.7179870605469	7.90093994140625	271.3179931640625	0	0	0	0	1	0	0	0	0	0	0	0
0	19	pin_696	5.996623	-73.614438	953.500	2259.500	2016-01-10	15:26:32	0.8480786681175232	0.0044999998062849045	0.01549999974668026	0.04190000146627426	0.025499999523162842	0.07959999889135361	0.2328999936580658	0.2800999879837036	0.3102000057697296	0.3034999966621399	0.3158000111579895	0.12049999833106995	0.052299998700618744	0.07699999958276749	1.2710000276565552	0	0	4	7.119208812713623	294.0225524902344	35.70949935913086	142.29400634765625	7.226049900054932	298.0580139160156	6.998509883880615	288.0979919433594	7.031070232391357	290.3940124511719	7.071169853210449	292.50201416015625	7.096700191497803	293.62799072265625	7.125279903411865	294.7590026855469	7.156529903411865	295.87799072265625	7.013339996337891	289.2449951171875	7.190820217132568	296.99798583984375	7.2665300369262695	299.1820068359375	7.056950092315674	291.8139953613281	7.119460105895996	294.5379943847656	7.197299957275391	297.1990051269531	0	0	0	0	1	0	0	0	0	0	0	0
0	20	pin_316	6.065930	-73.557708	1579.500	1491.500	2016-01-10	15:26:32	0.8382487297058105	0.012000000104308128	0.015599999576807022	0.03440000116825104	0.026599999517202377	0.06239999830722809	0.2125999927520752	0.26249998807907104	0.30230000615119934	0.289000004529953	0.2849000096321106	0.15449999272823334	0.07010000199079514	0.07699999958276749	1.6319999694824219	0	0	4	7.334144115447998	293.73638916015625	35.75749969482422	142.41700744628906	7.438159942626953	297.6600036621094	7.216440200805664	287.97900390625	7.248290061950684	290.21099853515625	7.28734016418457		7.312220096588135	293.3500061035156	7.340149879455566	294.4519958496094	7.37060022354126	295.5400085449219	7.2309699058532715	289.0950012207031	7.403969764709473	296.6289978027344	7.477670192718506	298.7560119628906	7.273349761962891	291.58599853515625		294.2359924316406	7.410260200500488	296.8240051269531	0	0	0	0	1	0	0	0	0	0	0	0
